24

4071.38 5382.53 -697.299 -477496
1313.87 -1642.35 -6438.45 4.24026e+06
-0.645659 0.624306 -0.439734 2977.41

6688.51 927.508 -661.472 192516
-198.82 -2083.49 -6441.79 4.93883e+06
-0.0127641 0.89847 -0.438849 2658.3

5391.15 -4069.38 -640.014 2.43799e+06
-1580.29 -1324.31 -6451.83 5.15435e+06
0.628109 0.645359 -0.434731 2519.84

956.79 -6685.42 -650.951 4.93935e+06
-2019.67 190.783 -6462.33 4.76146e+06
0.902762 0.0157529 -0.429851 2642.86

-4029.83 -5414.88 -688.21 6.25386e+06
-1272.54 1583.8 -6461.38 4.00358e+06
0.653324 -0.623345 -0.42966 2962.72

-6676.2 -979.973 -708.528 5.60693e+06
238.187 2027.51 -6458.3 3.31236e+06
0.0226249 -0.902223 -0.430676 3287.65

-5408.84 4034.83 -706.149 3.36265e+06
1620.33 1291.06 -6448.63 3.08461e+06
-0.621296 -0.651692 -0.435075 3424.27

-986.56 6675.36 -707.345 847265
2066.39 -228.057 -6446.33 3.4636e+06
-0.899599 -0.0236263 -0.436077 3293.83

2326.1 6327.45 -764.579 -295456
1567.62 -1194.64 -6441.52 4.07244e+06
-0.803929 0.431864 -0.40889 3242.75

6122.1 2831.91 -729.427 -384049
301.283 -1952.59 -6440.06 4.80073e+06
-0.261105 0.873764 -0.410318 2898.33

6335.81 -2323.42 -700.848 1.38528e+06
-1134.86 -1585.47 -6447.96 5.17907e+06
0.43499 0.803169 -0.407068 2677.22

2851.58 -6116.62 -698.134 3.9714e+06
-1889.4 -309.213 -6458.51 4.98284e+06
0.877158 0.262681 -0.401985 2708.72];

-2279.17 -6348.94 -726.792 5.87076e+06
-1527.98 1128.88 -6462.87 4.34003e+06
0.809708 -0.430068 -0.399268 2979.61

-6096.4 -2879.05 -759.508 5.98559e+06
-261.325 1904.83 -6456.09 3.62026e+06
0.270443 -0.87483 -0.401912 3333.89

-6343.53 2282.05 -764.096 4.22711e+06
1171.27 1538.95 -6452.71 3.24261e+06
-0.42766 -0.808901 -0.403469 3557.03

-2879.87 6096.83 -752.926 1.6322e+06
1931.63 282.28 -6447.24 3.41812e+06
-0.872964 -0.269778 -0.40639 3517.57

6725.87 -1052.02 -131.715 802197
-783.258 -5271.89 -4177.65 5.51409e+06
0.217973 0.488453 -0.844927 2979.52

4019.95 -5494.37 -115.472 3.34595e+06
-4240.32 -3164.34 -4226.79 5.9792e+06
0.506772 0.194869 -0.839766 2977.03

-1020.18 -6730.01 -166.134 5.57088e+06
-5209.6 771.723 -4257.18 4.91328e+06
0.502506 -0.213513 -0.837794 3123.18

-5474.08 -4043.15 -221.136 6.19291e+06
-3135.22 4270.66 -4217.93 2.93536e+06
0.206819 -0.496954 -0.842771 3335.98

-6730.78 1009.16 -198.951 4.83146e+06
788.894 5254.83 -4198.03 1.19384e+06
-0.207145 -0.494209 -0.844303 3481.86

-4051.75 5469.3 -177.589 2.28147e+06
4249.25 3162.35 -4219.3 708820
-0.50004 -0.203325 -0.841795 3475.05

984.916 6733.69 -220.919 44497.3
5244.51 -782.283 -4212.15 1.7674e+06
-0.497551 0.203042 -0.843337 3329.17

5453.62 4072.06 -194.483 -581187
3188.74 -4266.9 -4181.45 3.74878e+06
-0.203385 0.493157 -0.845831 3127.01
